CASE#1: 10 4 802 1825 153 623 1378 1294 643 1391 1856 1206
CASE#2: 5 21 2715 4502 608 4136 364
CASE#3: 4 2 2522 1051 2000 244
CASE#4: 3 3 4435 4849 1756
CASE#5: 7 4 116 2529 1091 121 2324 274 279
CASE#6: 9 8 254 193 640 148 582 337 958 276 991
CASE#7: 13 2 1142 298 2860 595 953 673 1454 1883 1245 2599 830 2321 980
CASE#8: 11 4 851 3596 1527 2282 2033 1288 1045 2045 2719 2055 2141
CASE#9: 2 1 544 2012
CASE#10: 12 6 2779 3122 831 2314 1649 59 23 3060 581 2546 1103 1480
CASE#11: 16 40 36 772 313 744 1305 282 447 1404 285 1543 1708 784 786 1347 1384 922
CASE#12: 12 9 4905 3830 4831 5544 3558 2562 562 270 75 5080 386 4893
CASE#13: 12 12 5548 1806 1950 2312 947 1667 4619 746 972 4363 1272 3024
CASE#14: 4 1 794 2227 3727 1555
CASE#15: 17 27 1227 887 821 141 1705 696 492 363 501 1732 176 1741 865 597 669 742 1765
CASE#16: 10 5 73 78 186 222 25 134 190 104 266 71
CASE#17: 9 9 841 787 852 644 1305 559 1012 385 1287
CASE#18: 11 4 386 674 630 270 343 610 133 523 164 357 166
CASE#19: 15 51 74 291 171 276 84 140 76 13 30 78 278 110 159 240 64
CASE#20: 15 20 6438 5914 1868 3364 4773 2927 3543 3649 2690 4720 3048 4997 1389 1833 5100
CASE#21: 20 5 163 211 31 355 421 277 61 169 337 385 223 273 369 22 376 173 131 83 432 306
CASE#22: 27 9 19 289 115 343 163 39 399 15 237 333 255 21 351 171 273 99 87 375 219 40 226 203 125 401 96 318 276
CASE#23: 10 2 3179 6452 9324 2597 2412 6178 1239 1151 7301 3059
CASE#24: 19 48 530 2643 819 198 1976 2121 2505 1257 2747 204 1648 884 312 3529 2964 612 567 761 3595
CASE#25: 12 1 1768 2977 2 751 3172 1963 1707 2184 2846 1082 345 1275
CASE#26: 1 3 1003
CASE#27: 10 14 13 58 34 27 47 35 39 8 36 4
CASE#28: 11 8 215 190 216 14 170 118 175 202 150 205 50
CASE#29: 13 10 75 42 114 115 62 8 134 98 64 15 178 72 36
CASE#30: 6 1 2894 6181 3154 1435 5389 4337
CASE#31: 4 4 143 23 24 337
CASE#32: 2 1 747 894
CASE#33: 2 4 4 6
CASE#34: 22 4 3 94 81 471 497 147 83 174 476 113 413 439 504 153 296 77 142 90 246 415 195 143
CASE#35: 18 6 287 573 404 73 643 187 301 475 599 320 321 664 210 508 53 453 112 570
CASE#36: 3 8 1587 1173 180
CASE#37: 12 6 612 156 159 2555 1111 1348 247 2345 1965 1509 2118 2691
CASE#38: 13 78 1029 3491 2590 2467 3656 171 3458 2476 880 2732 3394 242 488
CASE#39: 15 3 5219 4667 4775 6086 2560 615 1545 1456 993 900 4255 6488 2031 4635 2685
CASE#40: 13 41 906 535 987 1055 1121 1057 4899 5221 4328 3313 3382 247 4023
CASE#41: 10 16 4694 1818 6427 308 5061 3262 382 1320 3279 183
CASE#42: 13 4 795 71 473 146 116 941 348 482 324 1119 492 822 164
CASE#43: 14 2 102 303 105 222 35 52 53 67 384 284 290 192 296 98
CASE#44: 23 1 265 274 235 259 299 180 156 110 190 264 216 88 48 256 168 192 128 16 24 240 248 208 8
CASE#45: 17 222 2319 3471 1343 3393 36 3154 3259 2440 3183 2527 2365 3349 1217 487 3357 3443 820
CASE#46: 8 3 1557 2328 390 1692 2695 3285 1295 2239
CASE#47: 9 1 851 1350 266 988 1133 111 735 448 560
CASE#48: 7 2 338 99 985 1752 935 436 1759
CASE#49: 14 8 1096 477 504 2013 381 17 797 433 928 1867 2154 1403 727 2079
CASE#50: 13 3 639 609 70 730 719 477 28 699 502 568 634 381 209
CASE#51: 10 1 212 69 289 279 4 323 216 183 285 186
CASE#52: 17 60 315 603 1539 604 704 465 610 802 1187 107 1645 1117 1549 712 1293 814 358
CASE#53: 15 56 2436 778 4527 4449 3706 2628 3135 4882 68 320 5219 737 3648 5309 3898
CASE#54: 15 4 158 9 69 129 252 285 255 24 295 116 28 88 89 29 180
CASE#55: 12 2 477 750 360 907 442 1028 443 2475 96 2126 2105 1209
CASE#56: 15 12 237 797 128 16 577 414 638 304 360 167 391 839 223 195 476
CASE#57: 5 1 615 549 592 408 674
CASE#58: 3 1 14 45 35
CASE#59: 8 41 1570 1504 3259 2533 1304 2618 364 3503
CASE#60: 13 6 4761 3887 1991 700 4646 3377 5827 3180 3188 2101 403 4347 5576
CASE#61: 4 1 477 1525 1479 77
CASE#62: 4 2 2674 96 1314 2085
CASE#63: 15 104 1361 556 1852 1784 2129 769 1403 927 112 2575 1628 1903 544 1904 2720
CASE#64: 15 36 2780 3687 163 2713 4067 4522 1457 264 4469 2745 4021 2299 877 4708 285
CASE#65: 14 36 4202 4625 2188 5422 1645 2275 3751 2078 1873 2085 5725 5446 626 2726
CASE#66: 16 79 2617 5227 1986 713 1707 2578 147 4671 2992 498 5082 1376 4567 2838 3189 3132
CASE#67: 23 16 20 894 402 594 709 196 178 332 484 184 90 261 394 357 775 642 34 624 16 662 168 719 663
CASE#68: 15 112 815 424 2077 285 404 657 102 550 1391 1478 667 919 1535 1592 1620
CASE#69: 1 1 1339
CASE#70: 7 12 3458 3764 6371 437 2455 2375 3541
CASE#71: 15 544 9 31 77 165 78 13 59 38 171 40 152 64 108 174 42
CASE#72: 18 12 315 363 45 297 57 77 318 306 384 6 36 282 186 324 270 132 228 258
CASE#73: 12 44 390 173 703 265 121 201 653 511 141 218 445 672
CASE#74: 1 5 698
CASE#75: 10 6 442 2235 280 200 1993 634 988 2035 1102 1359
CASE#76: 13 2 33 34 154 64 4 184 125 101 102 16 109 85 146
CASE#77: 3 2 37 15 51
CASE#78: 8 2 2005 1853 2515 260 1147 1808 1207 2142
CASE#79: 10 2 169 3096 1445 787 3693 5192 5777 5552 3812 1491
CASE#80: 11 89 1994 6430 454 2157 6375 3859 4881 1348 193 2709 64
CASE#81: 7 7 1732 212 882 1214 1215 448 1536
CASE#82: 18 16 3474 1308 2559 947 3678 3120 2316 3683 525 3754 3756 1593 3640 354 791 794 861 3409
CASE#83: 10 2 5169 3814 1845 2798 4607 5725 2204 4017 2217 5487
CASE#84: 16 8 184 3 863 506 387 570 1496 1378 1442 954 1140 1082 173 845 479 420
CASE#85: 2 4 82 1335
CASE#86: 18 4 1572 327 1064 329 1131 1420 623 1840 1043 1722 1083 1371 1499 444 61 1630 959 1440
CASE#87: 12 1 3293 206 694 517 2118 3719 3250 3450 162 2982 3929 1782
CASE#88: 9 4 5153 1733 1104 6325 3540 7234 5356 6903 6117
CASE#89: 22 13 164 332 87 444 479 157 605 388 200 179 341 447 265 13 594 237 286 195 181 384 335 615
CASE#90: 11 6 2 47 99 36 32 4 20 76 16 52 56
CASE#91: 10 5 784 361 787 1216 365 811 607 769 848 568
CASE#92: 13 116 3701 440 796 729 3007 2022 4650 1811 2095 396 3741 3954 4885
CASE#93: 12 24 1597 813 1529 1374 507 1539 596 443 373 770 1338 553
CASE#94: 21 1 86 18 254 202 130 46 206 98 234 62 238 286 194 6 263 235 283 271 215 112 224
CASE#95: 12 32 1029 2330 935 2337 2942 2049 1149 2249 1350 3259 776 376
CASE#96: 14 6 2176 2092 1252 158 2217 1466 1932 279 80 226 1734 1009 520 1885
CASE#97: 2 1 249 91
CASE#98: 13 9 4822 2939 5086 1320 4831 2298 483 2441 4528 5051 5703 2396 5971
CASE#99: 4 5 889 997 646 719
CASE#100: 15 4 1488 4818 5860 3717 2978 1424 5572 3058 4982 1284 1506 2921 6477 4563 1313
CASE#101: 3 4 161 580 596
CASE#102: 16 26 1553 1268 1345 1747 343 379 1423 1138 526 203 421 1358 2079 711 1935 281
CASE#103: 14 6 423 7 3187 12 1395 3620 3980 3920 1221 2844 3024 211 3991 4608
CASE#104: 8 12 2793 1862 649 1774 2727 1963 2830 2879
CASE#105: 7 1 55 79 82 36 233 161 47
CASE#106: 11 27 441 4230 3064 1890 92 2945 1768 4124 3504 2162 1419
CASE#107: 8 1 137 5162 5064 5848 4974 5760 5383 5579
CASE#108: 7 4 2521 2071 2250 4082 442 1812 4329
CASE#109: 13 8 1765 655 1460 2309 1836 1624 355 2477 2318 1099 1789 146 316
CASE#110: 16 3 1514 1785 2973 167 3083 1787 1303 120 2607 504 2179 2408 519 2356 2155 2425
CASE#111: 32 4 130 172 7 94 250 37 79 67 82 85 34 280 229 112 238 23 158 116 263 258 234 120 78 54 237 168 114 123 282 156 96 147
CASE#112: 16 1 141 946 72 487 512 904 974 399 102 335 1209 105 153 107 523 155
CASE#113: 8 12 11 57 60 63 73 76 78 81
CASE#114: 14 2 177 321 47 410 146 465 125 114 588 105 193 525 52 195
CASE#115: 11 5 4247 3427 2327 3714 3441 4006 1071 1347 709 1631 2746
CASE#116: 18 6 2409 2842 1686 956 3238 704 1739 2902 1315 3121 3129 2443 2788 1499 2359 2918 1373 1201
CASE#117: 15 12 3093 4590 2224 3989 2670 4518 2505 2610 3757 4639 4648 1396 2804 522 964
CASE#118: 13 4 67 197 1413 1127 487 1448 137 378 989 1197 798 318 1328
CASE#119: 11 200 378 386 616 22 23 474 487 502 513 668 594
CASE#120: 5 1 12 17 15 3 18
CASE#121: 17 2 32 432 502 182 153 53 14 475 195 336 16 17 8 179 550 320 400
CASE#122: 14 236 1014 78 1196 515 1019 84 852 818 567 1217 1289 31 1115 899
CASE#123: 15 48 627 716 103 60 371 460 636 505 726 249 166 608 479 83 833
CASE#124: 13 48 41 9 4 36 76 12 30 70 63 55 71 7 80
CASE#125: 13 24 3704 3572 4901 4445 5571 292 5247 4065 1037 839 1511 2041 263
CASE#126: 7 1 10 538 203 1466 126 357 882
CASE#127: 17 6 654 1729 1988 161 2558 985 1427 360 171 1306 613 2314 802 1686 1563 436 2264
CASE#128: 10 1 3145 4210 77 2831 593 1826 1660 995 2566 3637
CASE#129: 16 19 409 524 14 359 530 417 419 597 431 214 613 447 675 333 622 454
CASE#130: 7 4 125 434 533 349 438 451 264
CASE#131: 3 2 1393 759 766
CASE#132: 16 40 111 171 176 183 185 23 26 82 199 150 152 153 209 211 215 52
CASE#133: 5 1 1 13 6 18 12
CASE#134: 4 2 165 1162 1423 1647
CASE#135: 4 1 886 1200 1231 1138
CASE#136: 7 9 11 32 34 78 17 19 63
CASE#137: 3 5 4359 4938 534
CASE#138: 11 77 1325 3250 1355 933 2499 3284 65 1111 4160 4161 1651
CASE#139: 16 84 379 54 476 646 436 1109 817 106 1747 1711 1207 1628 1460 663 624 502
CASE#140: 19 3 3415 3547 3244 97 3011 655 965 283 2578 3885 787 1472 3828 3337 3649 3774 1790 1728 2478
CASE#141: 8 2 365 367 419 160 629 580 537 490
CASE#142: 12 178 3442 4823 3987 3696 1477 98 4059 3340 5380 2925 648 3239
CASE#143: 16 14 1139 971 551 28 1583 1313 222 559 916 244 666 1065 981 750 1506 1489
CASE#144: 14 134 2696 1791 2594 3084 39 893 1754 847 4326 4145 1584 4573 182 3842
CASE#145: 18 210 492 2845 2404 3249 1976 3495 3350 901 271 2429 33 770 2044 3125 3517 1118 1465 1321
CASE#146: 18 24 1661 1578 1584 2000 673 2002 2012 1441 2520 1698 2031 1035 205 2373 879 1880 730 990
CASE#147: 12 19 8 284 474 861 775 508 63 785 66 256 352 625
CASE#148: 7 5 2248 3360 230 316 3553 2285 1185
CASE#149: 8 16 2970 5384 1790 2514 607 49 690 1749
CASE#150: 3 1 697 149 4333
CASE#151: 16 14 1508 831 1720 2946 3150 2136 1935 1323 2684 2148 2828 2286 1606 1478 2236 2312
CASE#152: 15 4 477 2670 4916 4653 4328 2815 5060 4202 5008 5207 1183 1580 3100 197 3300
CASE#153: 19 18 575 441 111 412 157 562 187 518 204 144 507 553 583 313 433 359 89 539 75
CASE#154: 13 8 969 1399 2777 3380 2005 3252 930 1017 2653 2180 2911 805 594
CASE#155: 28 2 170 236 44 92 248 183 63 147 105 273 52 5 173 275 102 60 114 222 258 162 120 42 126 138 90 168 270 36
CASE#156: 6 3 67 361 473 447 630 266
CASE#157: 8 1 1629 1215 857 576 1613 950 1401 296
CASE#158: 7 9 301 106 123 51 56 139 368
CASE#159: 15 3 2082 678 211 1252 1827 3441 1829 1674 1051 3289 1470 1733 1955 4143 2948
CASE#160: 5 22 464 405 435 351 262
CASE#161: 8 8 253 200 40 1496 830 1615 1394 1173
CASE#162: 17 4 2321 2241 4001 3131 92 3455 1464 2672 1957 4044 3087 2128 3580 2945 4314 954 3195
CASE#163: 11 15 153 54 210 510 621 129 329 82 533 633 290
CASE#164: 11 3 4402 2367 119 4914 3154 4975 468 3222 3332 4064 2640
CASE#165: 18 4 373 426 269 270 220 326 168 275 328 11 277 438 292 348 143 302 361 50
CASE#166: 14 3 3305 1709 1425 1747 49 354 357 2260 3161 1062 1264 3071 3784 1885
CASE#167: 7 24 2158 138 213 1717 4122 1947 2397
CASE#168: 2 2 606 589
CASE#169: 17 2 1693 1181 1890 1373 1280 2551 2694 2042 1532 2284 2097 1204 1909 2333 2101 928 1026
CASE#170: 7 2 1109 1990 2040 1805 654 990 1531
CASE#171: 14 192 6866 448 4148 2397 1872 7066 2666 7335 495 5531 7296 1403 6861 1318
CASE#172: 12 6 1247 484 726 550 1140 613 321 676 1385 858 463 171
CASE#173: 11 17 3470 922 311 2958 3064 3980 709 1164 3546 1636 2639
CASE#174: 4 1 6562 7256 4600 1187
CASE#175: 1 1 436
CASE#176: 7 10 234 2473 1835 288 2185 2277 1976
CASE#177: 12 2 1 523 332 595 664 665 873 293 297 752 427 583
CASE#178: 4 3 1045 3701 192 4228
CASE#179: 16 48 169 171 423 256 564 144 357 94 542 600 504 182 238 406 630 140
CASE#180: 1 3 265
CASE#181: 14 1 48 755 1377 459 1208 416 198 645 1306 470 30 1002 1181 217
CASE#182: 31 1 121 149 7 81 69 9 63 20 108 22 84 130 58 46 56 60 96 128 114 36 134 76 8 44 28 122 118 136 72 132 10
CASE#183: 15 6 524 6 1280 605 190 918 60 194 1106 1524 95 1708 1032 1683 591
CASE#184: 20 4 201 481 172 293 233 353 373 473 343 54 274 164 624 324 265 66 318 348 418 609
CASE#185: 12 8 389 202 851 543 361 490 299 434 374 823 439 639
CASE#186: 3 3 835 505 1187
CASE#187: 15 2 1232 600 1141 268 661 1695 324 82 1258 1699 574 37 1361 481 1807
CASE#188: 15 4 3398 1377 863 1551 1769 824 2501 2673 3714 2471 1141 1065 2922 3396 3311
CASE#189: 0 1
CASE#190: 14 16 164 687 463 627 87 412 628 322 233 251 305 413 683 719
CASE#191: 13 69 2060 1309 2237 1572 180 94 1142 2624 2316 286 1359 84 2900
CASE#192: 14 40 1646 1530 10 1028 604 1657 2520 2795 1899 729 1360 892 73 2530
CASE#193: 12 56 6976 4911 7160 1604 7008 5431 6106 4699 8122 3723 821 1825
CASE#194: 13 64 5588 4855 2272 4600 6281 3309 3405 6109 6669 6025 264 4734 2321
CASE#195: 14 682 2693 644 1598 3107 2001 1371 741 1302 2818 1086 534 1726 860 315
CASE#196: 12 24 78 759 987 14 400 1536 4170 1031 2683 661 514 819
CASE#197: 14 6 1119 1 1400 1314 630 1836 1065 1583 207 1068 1256 1863 1433 1192
CASE#198: 11 36 546 151 655 227 735 556 162 270 62 680 320
CASE#199: 7 7 296 849 418 781 591 788 432
CASE#200: 5 1 4973 4829 4702 4200 27
CASE#201: 15 16 569 1919 3628 3281 943 3215 2720 526 532 2522 3163 540 895 1750 1198
CASE#202: 16 34 1766 2505 580 170 2358 595 3100 2362 1665 2568 3020 1380 355 3187 34 116
CASE#203: 16 10 1080 79 317 625 1551 1424 1503 737 1970 1509 1437 1746 1593 1441 60 536
CASE#204: 13 128 1808 3081 2606 4153 2775 4259 973 2195 136 4498 3756 4074 1848
CASE#205: 13 34 1471 1553 1629 444 1075 1428 520 963 685 1526 827 1667 204
CASE#206: 2 1 68 5
CASE#207: 18 48 1266 5488 449 1521 5238 3857 2096 3357 2298 1983 4756 418 5332 4517 182 5477 4281 2204
CASE#208: 6 5 2131 1988 1884 1280 1574 2196
CASE#209: 16 55 990 762 610 1451 1989 1383 2148 418 1339 47 886 1571 281 1731 2191 524
CASE#210: 17 12 137 205 376 206 347 110 79 116 325 129 299 61 201 100 66 271 33
CASE#211: 11 4 993 1775 3952 6755 458 2698 6480 5222 3616 6981 3762
CASE#212: 2 3 56 331
CASE#213: 10 36 5241 4727 3204 786 3491 1068 3679 1884 987 3599
CASE#214: 3 3 3032 1081 4668
CASE#215: 21 12 1089 208 415 626 967 152 1050 370 1119 782 854 383 453 861 47 523 798 869 666 263 943
CASE#216: 16 4 249 22 41 42 24 157 100 233 62 200 67 257 31 261 263 133
CASE#217: 15 4 5299 5304 3016 3117 4270 7260 2272 6411 2384 1525 6421 2294 566 7095 7482
CASE#218: 14 8 3092 632 2936 305 3951 2222 2002 104 2011 4253 3583 2463 1567 2799
CASE#219: 16 9 1693 1317 1882 1044 1139 579 206 631 1387 541 823 1199 1399 2110 1080 328
CASE#220: 2 2 622 2079
CASE#221: 16 12 4749 5789 2804 4628 5351 88 1654 1666 3034 1279 2384 4010 4530 1995 5834 3824
CASE#222: 15 24 2869 63 1054 2518 329 2226 2717 33 827 1635 2187 2675 2986 2927 1097
CASE#223: 12 97 3944 6059 2133 3007 2537 5333 2463 4195 1611 1326 6416 4216
CASE#224: 16 7 2036 2592 969 1456 2085 1161 1164 1017 1242 1577 1281 209 1249 2323 2326 2070
CASE#225: 4 4 707 348 13 571
CASE#226: 15 31 757 2619 3923 3175 730 1288 1238 438 1838 3441 2996 1746 646 1897 3949
CASE#227: 12 67 3084 1312 2904 3278 1003 3335 2010 421 3444 847 2119 3074
CASE#228: 12 116 3448 1298 2246 1257 3457 847 2784 979 163 2444 2317 387
CASE#229: 19 15 313 341 174 151 175 79 367 33 58 250 276 254 66 69 94 46 70 71 287
CASE#230: 2 2 634 1997
CASE#231: 8 2 499 72 423 619 517 674 233 246
CASE#232: 13 12 592 2528 773 1093 1499 603 2718 1054 1241 1251 2558 1620 2610
CASE#233: 15 2 61 25 110 266 158 38 146 100 40 88 161 173 41 125 271
CASE#234: 11 2 477 1402 4637 1741 2335 2269 2012 1554 2828 2960 1122
CASE#235: 7 4 149 446 388 41 397 290 116
CASE#236: 15 40 343 11 520 472 28 421 538 258 91 35 207 382 607 274 503
CASE#237: 19 20 146 437 1123 1664 1016 1340 46 1165 302 626 627 1491 538 1312 358 1528 899 161 107
CASE#238: 13 2 218 94 1521 64 374 934 1401 1619 1836 1309 477 1442 897
CASE#239: 9 2 2526 1438 1556 3159 899 406 408 2426 1844
CASE#240: 13 8 105 309 316 11 66 425 323 71 435 129 82 454 354
CASE#241: 11 6 844 325 822 271 447 18 512 397 894 635 809
CASE#242: 20 36 2594 870 2248 1480 424 2666 2443 1323 2639 146 1108 1684 853 149 2326 823 535 2489 2395 2014
CASE#243: 9 2 4431 4109 288 1611 3338 3477 2960 1178 4020
CASE#244: 14 40 92 342 508 454 294 619 307 145 74 157 482 78 566 81
CASE#245: 9 11 3968 827 1902 2372 440 1649 3536 119 1267
CASE#246: 6 1 325 293 186 557 590 511
CASE#247: 6 2 269 71 159 333 598 517
CASE#248: 20 312 401 459 497 118 479 670 234 938 198 996 200 791 982 224 681 833 814 339 358 209
CASE#249: 7 3 1185 1121 2400 1666 1148 1238 426
CASE#250: 1 2 22
CASE#251: 12 7 119 15 120 121 93 59 25 30 65 135 101 31
CASE#252: 12 24 331 1090 1240 674 884 137 1008 439 1039 417 87 419
CASE#253: 13 16 5547 1207 498 676 758 1788 5741 1555 5665 3851 138 707 4815
CASE#254: 1 1 278
CASE#255: 12 16 554 1170 72 571 1243 89 1498 461 99 1323 421 1275
CASE#256: 8 12 1635 95 431 207 1386 1617 414 168
CASE#257: 1 1 3379
CASE#258: 19 45 766 392 546 7 634 557 624 41 404 646 173 657 261 582 318 704 11 649 231
CASE#259: 10 1 42 51 48 24 12 56 52 20 16 4
CASE#260: 12 21 28 616 789 295 661 219 688 428 311 103 207 364
CASE#261: 13 16 180 34 337 495 200 280 726 800 727 211 215 513 663
CASE#262: 14 26 5854 410 4278 923 1123 5185 632 247 2032 2139 3139 4031 5714 586
CASE#263: 4 1 39 87 36 72
CASE#264: 6 10 136 60 169 224 71 149
CASE#265: 15 8 228 7 163 92 172 104 253 186 47 343 122 347 284 214 142
CASE#266: 16 6 270 1881 820 3165 420 221 699 968 1773 1712 2718 3187 3260 788 1393 3337
CASE#267: 10 8 763 4119 2776 569 1761 1283 3283 1935 2853 3559
CASE#268: 5 2 35 682 275 652 578
CASE#269: 5 2 6730 144 3546 548 2395
CASE#270: 8 6 1930 1267 4391 1997 3200 1376 3490 1238
CASE#271: 7 4 1525 2560 308 310 430 1096 2998
CASE#272: 3 1 1568 1298 1487
CASE#273: 18 32 3125 488 3544 586 3467 593 279 999 2605 1325 131 2062 2786 711 712 1192 3273 957
CASE#274: 20 504 348 193 814 877 1097 974 416 664 914 388 855 266 672 707 738 614 1017 490 121 805
CASE#275: 13 24 976 5202 3620 1523 1098 2516 4201 2355 5444 2277 1662 5270 2991
CASE#276: 12 44 1543 1617 1476 4761 247 2590 2022 1443 1667 3492 4012 2043
CASE#277: 5 2 8 153 172 50 113
CASE#278: 7 28 168 13 289 216 305 226 388
CASE#279: 14 4 4212 2262 2691 3425 1363 4297 1743 769 1867 54 2678 3168 1765 61
CASE#280: 7 3 2083 2096 1127 690 3019 440 1335
CASE#281: 18 27 212 500 527 428 185 590 158 149 348 60 600 42 393 7 349 52 205 494
CASE#282: 9 6 61 59 41 5 65 29 23 18 48
CASE#283: 7 2 1063 1619 2889 2823 3851 4097 1808
CASE#284: 19 80 1393 50 1130 938 867 54 229 494 1430 735 975 1407 1457 598 1079 935 815 1296 432
CASE#285: 14 68 3200 2286 2445 185 1746 274 2230 3324 2554 917 2789 607 222 1314
CASE#286: 16 42 195 315 579 3 243 279 305 209 593 667 118 238 814 550 311 660
CASE#287: 13 43 214 417 419 187 310 455 108 398 79 458 168 402 25
CASE#288: 3 10 800 211 587
CASE#289: 22 12 435 2143 1368 410 2518 504 1499 1874 76 1905 2371 2221 985 3031 2443 1513 1885 2102 1980 1981 2570 741
CASE#290: 6 6 516 843 1500 2634 1284 101
CASE#291: 11 13 4972 658 2185 1976 3416 5078 548 4727 1924 4816 2806
CASE#292: 7 1 81 21 41 62 32 38 149
CASE#293: 11 3 548 783 159 1485 1563 1017 2465 2273 2873 2797 2688
CASE#294: 7 14 442 922 122 1412 133 175 1518
CASE#295: 8 2 4131 2108 466 1742 3695 700 334 1772
CASE#296: 3 1 12 8 2
CASE#297: 22 15 109 113 5 32 248 86 41 97 205 178 98 18 262 235 236 155 47 128 48 211 238 213
CASE#298: 14 8 14 281 17 547 1345 1785 1301 995 1171 1744 996 825 1270 131
CASE#299: 4 2 793 2289 144 1549
CASE#300: 18 22 589 3701 1099 2530 2701 440 1449 777 2205 2377 1453 3808 4060 124 550 1829 2681 1092
CASE#301: 7 3 2616 3309 2744 796 674 4205 3458
CASE#302: 16 132 3392 2267 1421 872 704 1930 3437 1839 55 2879 1283 68 3368 2156 465 1972
CASE#303: 20 58 682 520 269 564 355 607 571 235 656 572 448 409 493 283 31 242 752 461 251 41
CASE#304: 15 2 1227 453 2090 456 2265 2097 1068 2186 2101 2189 1092 2038 1102 2136 2060
CASE#305: 12 2 1921 2793 4335 594 2140 3586 802 2338 4746 242 4185 1223
CASE#306: 5 8 3227 2524 3115 1167 2663
CASE#307: 10 78 1231 1198 1090 444 1596 375 844 845 1529 1035
CASE#308: 10 2 93 1264 2344 2887 2352 1635 829 2765 2857 1151
CASE#309: 11 4 1710 533 1620 1065 820 2031 1292 300 1478 1789 865
CASE#310: 16 12 576 953 836 771 759 1110 435 721 801 1178 151 413 556 322 272 454
CASE#311: 14 4 113 1 41 57 10 2 75 107 61 117 5 6 39 104
CASE#312: 10 4 845 195 2438 1890 588 1427 1997 1363 2309 834
CASE#313: 20 28 893 2 633 570 2819 1664 2853 2560 2266 851 2765 1016 2799 1051 1348 2635 2210 560 1847 396
CASE#314: 19 20 222 90 91 7 29 227 229 164 208 254 255 80 256 104 281 105 39 128 242
CASE#315: 20 8 3703 3025 3456 190 1483 3296 2608 2527 1846 1247 309 2549 573 1605 581 1358 327 241 506 1376
CASE#316: 15 186 3482 4761 2063 6542 298 6908 6632 1956 6514 910 6874 342 629 706 2836
CASE#317: 8 10 235 371 331 76 111 151 327 248
CASE#318: 2 1 3544 2001
CASE#319: 9 6 625 399 18 332 336 40 352 463 310
CASE#320: 1 3 72
CASE#321: 6 3 292 112 3 334 77 189
CASE#322: 7 10 3041 3565 2241 2279 2133 2801 2365
CASE#323: 17 16 315 239 317 329 173 339 42 358 281 598 757 445 289 133 368 606 697
CASE#324: 6 1 14 28 5 2 11 23
CASE#325: 4 1 897 657 18 4243
CASE#326: 14 4 166 118 775 599 26 572 637 621 766 174 462 767 159 47
CASE#327: 2 2 8 14
CASE#328: 7 10 757 1136 1660 789 1212 1131 713
CASE#329: 12 6 99 101 12 104 111 114 27 117 119 127 51 64
CASE#330: 17 4 366 648 27 513 652 446 723 585 102 381 314 114 737 745 265 341 412
CASE#331: 1 2 1162
CASE#332: 14 6 362 364 1894 2675 7 2287 1358 159 1509 101 2181 683 295 1885
CASE#333: 9 1 274 270 246 166 62 198 158 258 212
CASE#334: 13 40 973 622 1326 97 814 462 1279 839 1281 412 1116 518 1136
CASE#335: 10 4 4866 684 1924 4289 398 5004 2174 469 4481 1827
CASE#336: 9 26 2661 2854 2609 955 2052 2558 407 2316 3645
CASE#337: 15 9 2292 2761 2969 3394 2462 122 1579 1839 4595 799 4650 602 758 2372 244
CASE#338: 15 2 506 296 424 1266 1539 573 426 1541 367 977 185 1131 1383 1341 41
CASE#339: 17 2 158 225 93 7 206 119 53 165 77 210 14 234 213 191 37 235 147
CASE#340: 3 2 55 57 94
CASE#341: 11 14 3 53 63 58 24 19 59 4 29 30 45
CASE#342: 16 8 244 125 273 802 346 400 66 523 43 1171 1267 1459 620 644 1150 1630
CASE#343: 20 48 1147 2108 1660 313 1903 1814 44 2024 1064 736 1638 348 803 564 1948 688 1590 1710 1800 300
CASE#344: 12 50 786 1490 323 326 1029 1419 483 1355 754 1312 691 1397
CASE#345: 23 7 121 475 223 361 19 127 91 271 452 464 482 393 147 27 57 17 377 251 335 371 557 552 72
CASE#346: 3 1 3858 354 4441
CASE#347: 20 6 290 686 87 64 629 547 657 477 538 250 430 72 108 456 528 624 612 636 84 204
CASE#348: 11 1 411 32 37 361 211 215 302 153 475 75 79
CASE#349: 9 12 312 2407 887 276 429 2275 135 1569 1624
CASE#350: 16 4 1996 2246 671 2391 1975 20 2015 545 965 165 2162 414 2305 2028 173 838
CASE#351: 8 12 2 2505 1085 172 1699 1260 89 1662
CASE#352: 4 3 46 382 815 36
CASE#353: 19 4 2382 1333 1970 1341 221 711 2883 2537 864 316 457 2912 533 327 258 748 126 2232 1887
CASE#354: 9 16 95 338 259 267 35 121 47 384 388
CASE#355: 2 3 29 25
CASE#356: 14 30 3566 371 3625 1776 3128 1730 1683 3238 2690 2841 1593 1144 2247 1550
CASE#357: 13 35 210 584 376 454 196 378 170 560 201 255 257 466 364
CASE#358: 16 2 42 2 32 192 12 24 64 184 124 114 94 126 28 190 140 70
CASE#359: 10 4 7991 3293 7425 419 4653 821 4292 3150 4116 6427
CASE#360: 15 6 1217 3649 1065 3155 2248 1300 3467 1644 404 1622 1547 3257 2044 3412 2429
CASE#361: 18 9 991 1556 997 1170 483 874 1013 1357 112 286 1922 547 203 1536 767 1503 602 946
CASE#362: 15 96 837 1396 568 1192 2097 169 2036 314 732 807 190 260 2546 1374 828
CASE#363: 13 6 21 142 92 97 158 88 83 18 38 173 109 104 140
CASE#364: 16 1 2710 699 1206 4487 4426 273 3806 1664 2998 543 5583 3832 4967 1570 3272 1951
CASE#365: 16 5 5057 4984 4357 3014 3490 4759 340 2953 2089 2880 2101 2341 1795 4484 1564 1894
CASE#366: 6 20 2188 4083 2124 2059 5096 3919
CASE#367: 11 4 908 368 802 389 1061 405 707 772 832 1073 420
CASE#368: 10 80 1659 2563 4243 4252 2528 2185 1361 4884 4619 686
CASE#369: 13 6 92 58 28 18 73 83 38 44 74 9 85 105 90
CASE#370: 0 1
CASE#371: 18 12 219 39 94 112 203 167 275 59 185 348 276 63 319 86 50 320 285 123
CASE#372: 16 26 482 493 789 671 966 743 509 97 865 983 396 930 876 822 295 118
CASE#373: 6 1 5 13 15 8 1 16
CASE#374: 4 2 1602 2215 3059 2487
CASE#375: 18 12 180 332 212 268 132 300 124 94 14 222 62 214 318 254 6 87 23 192
CASE#376: 1 1 1
CASE#377: 11 2 3109 935 143 2323 89 3993 2478 3957 130 2441 1715
CASE#378: 17 8 2375 1176 2380 1307 879 2599 2560 1663 1233 31 2183 420 2442 2228 2531 1029 1631
CASE#379: 43 1 9 84 73 29 17 32 34 77 23 83 59 4 80 39 55 75 1 66 97 36 89 37 40 96 33 67 47 14 98 7 44 92 63 15 49 31 58 2 12 45 71 52 100
CASE#380: 6 2 1368 3640 803 3438 3368 392
CASE#381: 12 10 1011 1094 1423 1022 452 63 1297 1543 232 970 397 76
CASE#382: 7 10 394 299 27 139 425 267 220
CASE#383: 7 2 2541 2839 1258 1558 3978 1089 1149
CASE#384: 11 4 1094 1013 852 1232 506 699 974 253 344 1163 440
CASE#385: 14 3 147 435 3 483 307 371 645 502 392 525 621 14 64 400
CASE#386: 16 8 2031 1734 384 2635 1135 1592 2867 1821 472 326 1530 789 423 798 574 1649
CASE#387: 18 25 3642 2190 276 3840 1070 2333 4051 1214 3921 3135 1288 1691 570 2626 1571 1179 1120 1715
CASE#388: 13 10 3243 1584 3912 2012 1692 1776 2695 2532 3452 1881 142 3390 1658
CASE#389: 18 135 591 3054 758 1337 1420 4139 3240 1931 52 299 3417 469 3176 642 4988 643 2695 1143
CASE#390: 15 2 1037 2426 2928 168 1143 873 2462 603 742 1091 1715 1786 1096 1099 1379
CASE#391: 6 1 22 25 151 109 56 168
CASE#392: 1 2 2017
CASE#393: 1 2 1237
CASE#394: 1 1 44
CASE#395: 11 1 2358 1609 1618 447 178 592 1351 1146 2049 825 2551
CASE#396: 22 18 372 457 273 258 33 443 178 383 153 204 349 249 119 274 474 374 394 334 15 195 395 250
CASE#397: 7 6 3916 1047 1767 1773 3083 3969 3542
CASE#398: 5 4 3387 2424 1096 271 2116
CASE#399: 12 27 3738 843 2224 523 1627 3152 3298 3900 1650 274 3909 2115
CASE#400: 14 21 307 1139 543 1069 2272 1298 2653 1230 2218 2147 1633 213 1940 1718
CASE#401: 1 1 312
CASE#402: 6 17 632 1592 1155 318 1799 980
CASE#403: 11 10 251 494 278 467 1036 796 423 426 805 969 564
CASE#404: 12 5 420 134 525 135 19 215 139 490 620 479 297 454
CASE#405: 14 8 127 1959 1246 165 537 879 1438 883 1724 1383 1912 84 1729 1485
CASE#406: 12 2 224 92 271 315 105 152 165 213 433 257 173 307
CASE#407: 5 8 18 166 232 234 192
CASE#408: 12 3 233 697 658 43 267 691 427 675 652 428 669 382
CASE#409: 7 2 994 811 84 1324 41 664 607
CASE#410: 12 8 122 74 219 315 16 161 150 343 167 299 348 240
CASE#411: 16 32 2162 1982 2164 683 2260 1587 2312 290 1559 1470 1565 1295 2420 1481 1482 1888
CASE#412: 25 1 45 28 47 42 1 9 43 51 41 6 31 30 26 8 44 2 34 10 13 12 5 32 22 52 54
CASE#413: 13 20 1417 1717 2979 3430 695 784 791 1679 1978 3018 1910 2209 961
CASE#414: 21 1 61 77 122 303 483 34 275 530 99 266 506 206 492 432 537 447 132 402 12 522 28
CASE#415: 14 10 243 2983 2518 2368 1980 1516 1991 601 4897 2869 1777 5141 233 4913
CASE#416: 10 56 373 1585 89 1110 155 340 2681 1612 1917 1317
CASE#417: 12 1 76 11 81 151 161 30 232 234 240 178 245 184
CASE#418: 18 61 296 124 240 704 477 655 720 201 34 154 504 683 338 689 342 632 635 752
CASE#419: 2 5 925 679
CASE#420: 17 40 1751 597 123 1594 370 1770 1735 1981 1492 1632 1565 1425 970 764 171 347 1398
CASE#421: 14 8 71 102 11 135 168 45 172 141 80 81 112 83 21 26
CASE#422: 5 1 2 16 28 7 21
CASE#423: 14 34 4373 3153 6393 6680 5364 907 1960 1586 5868 264 5777 2933 4075 6079
CASE#424: 15 4 1046 5745 7491 4889 5944 2902 5000 477 3439 133 4232 3194 3631 5041 3999
CASE#425: 7 16 35 2542 1755 3060 2173 574 576
CASE#426: 19 6 141 1022 451 979 588 940 678 855 817 421 467 560 1046 476 740 388 1004 81 919
CASE#427: 18 12 310 1467 2083 2090 1397 92 1249 2102 1881 1807 498 1041 1506 1354 509 1056 1765 767
CASE#428: 11 14 574 1593 92 149 852 795 1365 1272 1234 18 56
CASE#429: 19 45 551 3 674 987 745 319 689 633 451 634 146 398 825 1077 896 596 793 732 366
CASE#430: 4 5 32 35 18 37
CASE#431: 15 12 1225 920 3370 211 980 1141 534 3136 1915 1459 3858 1414 1671 3615 3774
CASE#432: 9 24 105 11 106 70 32 71 109 75 18
CASE#433: 17 1 172 732 466 187 692 538 695 233 667 585 221 277 40 152 628 390 784
CASE#434: 4 2 453 191 699 538
CASE#435: 17 32 128 1547 489 1258 1145 1441 733 796 1159 216 1044 47 284 1464 1762 1882 1353
CASE#436: 13 13 1363 5445 4178 4433 1385 2499 3775 2502 1063 1155 2442 4315 2122
CASE#437: 23 2 80 193 33 47 110 75 145 125 27 69 90 13 111 167 132 188 146 189 140 35 98 168 63
CASE#438: 8 2 17 3 19 33 21 22 9 37
CASE#439: 8 2 881 697 638 3057 2325 1713 2462 2038
CASE#440: 13 3 2143 2491 1941 2151 1188 4642 3128 4583 1205 5552 2659 5988 1848
CASE#441: 4 2 2634 2312 996 1354
CASE#442: 17 8 1504 2029 3680 3836 3686 3013 1367 4002 4307 3033 2211 3787 1927 278 511 1789 4119
CASE#443: 25 2 302 50 20 320 368 176 92 134 242 200 80 62 236 161 167 29 281 233 36 240 96 348 162 234 150
CASE#444: 18 18 320 440 563 32 93 152 270 332 214 458 462 110 524 230 171 172 175 57
CASE#445: 12 8 1061 1622 1686 199 664 1102 885 2001 83 1173 57 1363
CASE#446: 11 2 1086 1625 106 2074 3402 2373 3607 863 2582 285 3475
CASE#447: 18 72 2446 1533 625 2277 2035 149 454 1857 1370 3510 3331 1807 2541 2433 1765 2622 3049 305
CASE#448: 3 8 5525 4359 4545
CASE#449: 11 2 617 105 97 233 74 163 476 292 517 285 416
CASE#450: 17 4 1291 1607 934 1609 1463 1317 1622 1773 352 1102 1252 654 1179 587 969 1572 72
CASE#451: 1 3 2605
CASE#452: 2 2 19 28
CASE#453: 11 16 3492 2955 3986 1929 764 4050 770 3074 820 4057 1761
CASE#454: 15 8 1041 1400 125 924 262 1504 350 267 1016 31 1323 830 1544 813 201
CASE#455: 17 48 2542 666 997 1799 4008 3210 3352 397 1057 3784 1199 2948 3888 4406 412 1166 4368
CASE#456: 16 40 23 1996 1658 983 1527 645 923 1741 1334 387 1341 1412 537 67 2380 408
CASE#457: 12 2 25 28 7 1 16 8 20 11 44 38 14 6
CASE#458: 1 1 115
CASE#459: 15 3 1552 1103 1308 2951 226 6070 4341 1615 3981 6802 6074 6989 6451 269 1910
CASE#460: 16 8 1369 2632 67 1378 3209 246 1508 2991 3221 1346 2999 3912 2901 53 2449 1767
CASE#461: 2 1 126 832
CASE#462: 19 2 1211 246 973 248 1679 29 1064 1047 58 1840 586 1664 1092 38 1996 1578 1866 637 1231
CASE#463: 19 14 237 1628 341 2272 656 2044 42 2275 1969 200 2510 1355 123 662 360 135 753 676 1375
CASE#464: 5 2 106 75 89 190 97
CASE#465: 12 4 514 796 247 482 1080 392 303 395 401 681 825 414
CASE#466: 11 12 316 831 794 950 53 1028 992 994 101 452 576
CASE#467: 16 8 1622 327 1423 384 25 129 337 966 604 1437 2692 1032 462 2027 207 676
CASE#468: 2 1 840 508
CASE#469: 13 18 160 85 320 863 942 1097 328 179 574 882 736 198 303
CASE#470: 14 16 115 90 92 175 96 100 208 211 131 215 216 54 162 27
CASE#471: 3 3 1994 2423 1552
CASE#472: 24 4 375 551 738 276 639 793 298 145 354 344 324 61 347 293 921 547 481 735 175 824 142 65 506 231
CASE#473: 21 4 326 71 361 187 287 92 332 222 412 72 132 257 17 388 378 103 373 58 28 204 335
CASE#474: 9 8 25 45 49 54 62 64 66 68 78
CASE#475: 15 1 109 26 90 68 48 56 160 134 92 94 138 120 146 100 132
CASE#476: 14 4 341 286 344 67 408 303 417 312 424 540 317 545 210 268
CASE#477: 14 8 1055 5106 3491 1310 5280 4230 6175 7315 521 35 7039 1047 2505 3722
CASE#478: 12 88 2662 2547 3054 1073 494 495 2174 2332 464 2612 506 2066
CASE#479: 14 64 1777 650 245 248 1499 1815 855 1239 1600 930 2010 618 1677 696
CASE#480: 2 1 3718 1547
CASE#481: 1 1 102
CASE#482: 13 8 963 548 290 524 944 243 946 192 454 1078 714 959 1038
CASE#483: 6 1 12 191 215 41 231 178
CASE#484: 27 2 67 1 187 37 31 61 73 175 103 25 193 55 133 134 92 182 38 122 194 152 164 140 128 3 105 149 138
CASE#485: 7 16 647 913 563 1719 405 1218 1493
CASE#486: 16 186 491 1506 1999 2087 944 1693 733 165 2321 473 562 1398 1662 38 877 2021
CASE#487: 4 4 2253 5261 4699 2067
CASE#488: 1 2 1272
CASE#489: 9 2 108 963 1074 416 611 991 996 618 269
CASE#490: 12 24 2793 4253 1553 4984 2580 5065 5001 266 4501 4887 1821 73
CASE#491: 7 11 1712 322 769 431 1282 372 1903
CASE#492: 9 3 1199 1261 884 846 69 489 94 569 1063
CASE#493: 15 28 354 1572 181 622 13 1492 275 542 1760 30 552 57 62 1463 1120
CASE#494: 13 1 4820 2874 2442 4344 3322 475 1725 3697 412 2251 2398 3932 3423
CASE#495: 8 3 380 981 227 101 569 322 1207 880
CASE#496: 4 6 2194 1459 1293 2154
CASE#497: 7 1 90 242 187 87 223 255 116
CASE#498: 26 2 25 129 45 13 117 85 41 21 97 153 185 157 49 169 181 17 177 19 84 76 160 132 12 4 148 108
CASE#499: 2 1 59 1740
CASE#500: 13 16 110 6868 2037 8403 1961 6903 5859 6534 5970 5119 1515 1896 1042
CASE#501: 17 50 398 230 1745 349 1026 635 1481 1259 366 1493 771 1836 438 1448 888 1282 1791
CASE#502: 6 3 134 139 110 82 147 28
CASE#503: 3 1 10 18 50
CASE#504: 9 6 907 700 1436 261 1437 262 199 1124 1470
CASE#505: 15 54 2268 984 360 2154 50 1108 1459 562 408 335 1154 1585 2406 2138 701
CASE#506: 13 32 465 399 189 193 418 274 503 133 513 141 294 373 75
CASE#507: 9 4 1180 1368 194 1529 112 1358 180 492 682
CASE#508: 13 4 6972 3231 2364 724 6652 4581 7456 5458 2068 4857 2686 7388 4259
CASE#509: 24 2 326 321 216 306 397 207 137 107 152 372 252 287 87 47 332 77 37 232 72 112 202 263 223 83
CASE#510: 23 9 114 34 115 91 19 155 11 43 203 67 131 171 107 99 101 77 13 206 110 15 151 103 104
CASE#511: 2 1 2198 988
CASE#512: 7 6 827 310 14 163 849 432 216
CASE#513: 8 2 2033 1807 2240 2243 1939 381 773 1049
CASE#514: 0 1
CASE#515: 21 1 225 321 497 97 434 242 218 275 379 371 211 588 372 332 476 44 132 230 214 366 534
CASE#516: 17 40 146 584 87 1097 665 233 525 526 1251 463 1197 555 989 125 197 1285 422
CASE#517: 18 20 4638 2694 2268 4652 1366 1184 2714 5399 5826 4546 1926 1379 1318 2184 2794 1640 1458 3416
CASE#518: 10 8 454 341 704 1367 1008 1042 1372 1164 25 328
CASE#519: 17 4 959 1339 527 238 1195 417 1435 625 1614 716 1965 573 343 315 1098 2114 927
CASE#520: 7 7 634 162 666 89 581 680 390
CASE#521: 12 1 3396 398 3331 2023 1272 1736 978 3062 1989 1835 1223 2691
CASE#522: 15 26 398 707 736 541 626 741 268 76 302 136 388 332 305 138 867
CASE#523: 3 1 1766 1632 5127
CASE#524: 4 1 61 62 114 63
CASE#525: 10 10 1119 1649 612 547 1655 884 313 708 1363 1040
CASE#526: 16 6 783 1694 420 762 1935 63 669 695 877 643 903 851 1007 1215 800 1712
CASE#527: 12 330 4127 2373 2572 2180 3554 2092 926 3789 5559 6441 1151 1445
CASE#528: 17 124 1642 1227 34 711 399 62 791 221 1236 456 1186 1343 721 1501 1220 675 389
CASE#529: 16 16 1568 5047 4696 3276 154 1716 4983 5062 3721 530 1172 4015 1676 4811 4324 2552
CASE#530: 10 8 118 174 606 1368 777 675 302 1385 847 809
CASE#531: 6 1 30 72 48 42 40 78
CASE#532: 17 48 378 393 918 303 63 679 458 743 864 207 88 403 148 268 840 1020 930
CASE#533: 10 1 1 5 10 13 36 52 54 60 67 84
CASE#534: 15 8 1118 686 1244 1442 1133 144 22 704 336 1525 1659 915 916 614 1859
CASE#535: 14 6 59 411 295 1580 1761 137 2053 1245 32 1201 158 2015 1783 807
CASE#536: 17 20 1455 1080 1312 38 1257 445 1141 1491 1202 1494 219 1153 1008 168 1154 287 1159
CASE#537: 9 3 73 55 124 160 170 146 165 78 9
CASE#538: 11 600 6019 297 960 4366 794 2868 4759 3080 1770 1308 4222
CASE#539: 10 7 710 462 1051 586 23 851 659 240 744 156
CASE#540: 14 10 3658 2646 544 40 3440 2932 1064 555 3620 390 1840 3210 3476 1357
CASE#541: 22 72 31 367 151 158 350 218 242 428 327 261 27 177 352 64 184 94 251 360 396 210 414 114
CASE#542: 13 112 1081 729 197 685 89 809 41 825 114 1014 838 1078 299
CASE#543: 23 1 1 172 13 213 75 5 25 215 205 15 105 136 126 118 139 249 170 40 210 180 10 80 120
CASE#544: 16 11 4769 307 6045 4204 6435 4111 2476 1606 6074 3075 553 1146 373 7169 4843 1355
CASE#545: 21 9 153 325 306 365 197 122 217 180 182 336 165 317 299 394 147 35 36 56 474 227 190
CASE#546: 13 3 2549 1812 2836 1917 2571 3222 248 2577 3146 1664 3626 1859 2603
CASE#547: 4 18 66 301 75 265
CASE#548: 13 5 418 349 493 188 494 422 480 733 643 176 286 178 683
CASE#549: 3 3 103 248 190
CASE#550: 2 2 789 736
CASE#551: 10 16 535 177 673 389 446 219 619 125 677 472
CASE#552: 9 20 967 1200 1412 1349 786 371 1024 1234 1592
CASE#553: 13 81 1755 2123 1102 809 1339 1405 453 986 2309 1715 494 891 594
CASE#554: 12 11 592 474 34 1860 1930 890 1087 893 504 1031 316 2331
CASE#555: 3 1 382 419 170
CASE#556: 17 119 41 941 921 922 622 305 505 1005 785 1265 87 190 1113 474 74 597 1317
CASE#557: 3 2 88 33 158
CASE#558: 10 2 3526 1382 743 3156 3354 1607 2131 377 4866 3250
CASE#559: 16 224 574 21 501 896 1135 667 1071 45 756 130 924 608 222 783 1021 469
CASE#560: 7 3 826 1760 1893 1035 20 652 858
CASE#561: 3 4 4556 2548 4948
CASE#562: 16 8 1503 1463 629 1203 1605 69 201 1390 422 114 207 1308 1048 1184 216 1493
CASE#563: 7 6 246 301 96 595 438 55 165
CASE#564: 12 9 960 3924 2446 2620 7231 4914 2744 2837 3888 6237 8082 2778
CASE#565: 11 6 1039 2075 1402 2079 2982 3208 1919 122 1661 3282 2205
CASE#566: 12 24 2864 2306 974 1824 2949 1213 2954 156 2061 717 1678 1847
CASE#567: 18 8 2358 6048 4581 3177 4652 3046 3320 2854 710 5270 1386 452 654 2735 2333 6496 5893 1271
CASE#568: 16 6 902 1371 1762 2035 3481 751 3052 558 639 2745 1537 562 3292 1119 691 2064
CASE#569: 12 52 775 31 429 242 823 638 547 358 842 560 283 855
CASE#570: 9 12 6273 1166 2563 8136 7358 927 423 5904 4606
CASE#571: 9 44 2712 5339 1122 5637 1703 4303 5648 3358 576
CASE#572: 4 1 7 13 15 20
CASE#573: 6 3 18 19 20 27 37 43
CASE#574: 9 3 5 48 34 62 23 52 10 38 39
CASE#575: 2 3 6735 3428
CASE#576: 14 64 836 1370 190 1023 1970 912 2155 1271 2866 94 1867 759 1467 1174
CASE#577: 9 1 402 989 1460 1271 1277 827 894 1288 1429
CASE#578: 9 5 2502 203 9 2725 2670 4373 6779 3580 3200
CASE#579: 16 4 1345 1287 1899 1363 359 364 1447 581 648 1787 313 450 2393 2259 998 1806
CASE#580: 9 39 3053 1213 2014 4030 4433 3734 3574 716 319
CASE#581: 17 25 1227 1296 8 1507 351 51 969 1657 843 1729 64 200 302 813 270 1596 102
CASE#582: 9 4 286 1608 731 2011 171 1295 655 660 1915
CASE#583: 7 1 1180 827 1711 986 2157 1507 1326
CASE#584: 12 1 760 532 418 479 425 27 202 156 272 621 451 565
CASE#585: 15 6 613 308 128 327 147 763 585 387 604 605 803 318 535 178 341
CASE#586: 13 84 3148 2412 2984 878 3329 2822 2423 88 1234 1519 1764 1821 741
CASE#587: 29 8 7 10 176 216 84 156 276 117 102 171 15 78 168 36 111 252 87 192 27 234 39 240 66 222 3 48 54 141 138
CASE#588: 16 32 1 83 54 19 59 140 20 143 107 68 149 113 154 115 155 39
CASE#589: 9 2 210 288 42 214 175 332 113 178 308
CASE#590: 6 16 3494 4172 5651 4888 4180 51
CASE#591: 13 12 7529 580 2935 873 140 6251 7859 7680 6364 5431 3184 5911 3093
CASE#592: 16 6 439 265 178 357 157 337 223 455 108 398 167 22 400 372 84 202
CASE#593: 19 18 1441 1540 1660 368 632 393 1164 492 1645 661 1384 1265 1531 1147 1603 715 1557 911 1680
CASE#594: 15 16 342 654 757 623 1813 1985 1000 2292 1952 595 734 122 803 910 1795
CASE#595: 16 11 2381 278 414 1162 415 146 419 351 2561 2436 1254 608 914 2546 1527 1802
CASE#596: 13 4 5788 5376 2408 4036 1493 3788 5915 144 6776 4821 5675 3467 579
CASE#597: 5 7 1435 2700 2879 829 44
CASE#598: 15 40 92 99 117 34 118 119 43 145 61 149 152 72 157 77 164
CASE#599: 13 1 42 1 84 44 45 131 221 99 140 19 24 120 205
CASE#600: 13 10 601 2726 872 2488 3596 1472 2239 4467 1330 1432 923 2546 677
CASE#601: 7 9 1486 986 690 1140 791 1541 1099
CASE#602: 12 3 1104 976 512 1450 1920 1536 6067 3028 4512 70 5141 4444
CASE#603: 4 1 2 7 10 11
CASE#604: 14 6 5281 3087 1221 3208 1836 571 3654 4646 2667 524 2785 3173 4717 2408
CASE#605: 10 3 2022 2129 2610 988 1385 3028 1981 2091 3440 2494
CASE#606: 6 6 577 452 849 573 988 1116
CASE#607: 7 12 974 1727 783 694 1044 1847 800
CASE#608: 12 8 70 150 86 166 41 122 58 106 170 10 13 63
CASE#609: 12 21 300 265 932 121 419 937 315 216 588 329 181 442
CASE#610: 8 6 907 1352 1724 405 1590 1073 558 410
CASE#611: 8 3 1970 2721 37 3791 884 1173 1007 3415
CASE#612: 12 2 5413 3349 657 3537 2826 598 3748 4296 4571 4845 621 5665
CASE#613: 14 3 381 1265 2665 3989 1977 4056 592 5321 2739 3192 3705 1007 881 1449
CASE#614: 12 10 275 27 35 244 29 45 165 277 110 167 152 328
CASE#615: 12 28 7 204 284 130 210 21 24 261 146 263 151 312
CASE#616: 16 8 6279 1993 4663 1056 2090 1754 5887 5028 3412 746 5907 1007 2555 319 508 5504
CASE#617: 13 3 1058 487 888 1026 1070 18 152 504 724 241 342 1269 923
CASE#618: 17 4 1157 1565 1024 209 1774 414 993 692 664 1792 331 1625 163 1863 1629 1256 680
CASE#619: 15 18 214 513 630 337 146 744 351 68 465 177 477 776 384 189 96
CASE#620: 12 32 3362 1402 512 4211 1859 3051 35 2226 382 1618 2851 1566
CASE#621: 11 56 451 139 20 188 212 404 309 383 311 359 336
CASE#622: 13 32 22 328 231 345 163 169 277 279 182 183 192 194 297
CASE#623: 8 1 1943 1291 3007 113 1259 2187 516 1709
CASE#624: 12 64 1299 147 1370 539 668 734 1378 1314 807 1707 1648 634
CASE#625: 13 20 119 81 84 27 104 69 12 70 34 149 17 95 133
CASE#626: 11 4 2480 909 1413 1665 280 789 916 1992 1680 1113 364
CASE#627: 11 6 3243 2691 536 3576 698 3580 1742 2222 102 2115 1640
CASE#628: 1 2 269
CASE#629: 2 2 178 402
CASE#630: 5 2 713 649 352 256 92
CASE#631: 13 16 100 7 684 591 598 602 707 516 712 642 756 854 573
CASE#632: 4 5 2 57 60 134
CASE#633: 12 1 1778 1520 2041 1597 2489 2789 2798 2139 1734 1735 1810 1998
CASE#634: 17 4 1888 1228 1196 2292 1866 282 1371 117 1701 2164 1473 419 287 821 526 98 1154
CASE#635: 20 2 199 259 181 13 265 301 104 242 332 273 213 75 15 280 65 305 107 257 35 12
CASE#636: 5 1 3564 2698 3168 1670 1390
CASE#637: 1 2 1911
CASE#638: 18 2 3673 2811 1626 1411 1088 769 1687 1744 1907 3103 3165 1221 1334 1281 1825 1233 214 3941
CASE#639: 6 5 882 1192 966 1081 931 1254
CASE#640: 25 4 79 199 64 232 55 220 136 74 59 209 122 26 186 45 210 51 9 174 126 39 150 147 84 219 243
CASE#641: 24 4 64 55 343 137 119 92 121 94 211 24 141 150 168 276 105 321 195 7 9 90 171 45 117 108
CASE#642: 18 6 325 1861 2055 1801 1999 1103 2767 464 4246 792 3163 3677 2912 1763 3363 805 1963 501
CASE#643: 12 8 100 460 284 152 422 160 428 79 519 167 387 40
CASE#644: 19 28 174 1080 196 723 1607 1132 197 860 299 1286 1049 642 116 966 728 303 1630 763 1001
CASE#645: 8 28 227 1372 540 124 1483 1231 47 364
CASE#646: 0 1
CASE#647: 9 63 1958 709 1710 1390 1193 169 1696 1821 898
CASE#648: 14 27 129 93 220 94 56 77 140 225 99 246 16 61 187 167
CASE#649: 15 6 119 438 208 10 301 649 563 273 71 42 216 623 712 222 171
CASE#650: 19 12 865 508 112 952 366 892 1020 978 957 643 832 497 267 354 776 335 545 293 966
CASE#651: 7 3 3049 3018 2581 2146 1909 960 640
CASE#652: 19 48 4142 767 2209 184 589 143 1629 1677 1363 1408 1376 2861 2593 2908 2108 129 1392 3600 4275
CASE#653: 16 9 2821 2079 1424 1348 604 699 2487 1925 1460 1743 2126 720 263 2426 2805 1302
CASE#654: 16 12 391 196 119 67 406 42 147 330 21 229 164 152 323 115 337 142
CASE#655: 17 9 942 1254 410 776 373 594 37 973 960 1000 636 207 428 90 272 766 571
CASE#656: 10 2 760 408 663 16 17 199 641 749 285 321
CASE#657: 11 72 696 135 421 901 1656 718 249 1206 78 172 926
CASE#658: 13 12 296 600 188 1079 1258 19 552 1278 99 336 514 109 1115
CASE#659: 15 50 262 268 325 326 187 215 217 357 21 23 331 136 83 167 195
CASE#660: 10 3 2065 2311 2388 1482 1183 1412 1111 2411 133 1513
CASE#661: 10 6 1457 417 429 1522 130 1743 964 1748 240 32
CASE#662: 9 4 22 54 46 26 39 7 12 24 28
CASE#663: 9 8 91 3 199 293 1276 479 1029 144 963
CASE#664: 4 1 992 225 606 433
CASE#665: 18 27 1040 2135 1603 2221 682 1718 1328 208 600 1611 1839 2177 1925 1842 1422 1789 334 111
CASE#666: 20 22 622 242 982 1544 44 484 1464 164 305 565 525 968 172 1292 652 432 1133 253 1676 57
CASE#667: 2 1 9 44
CASE#668: 16 540 883 536 102 451 542 121 129 832 661 1035 166 1036 862 950 608 174
CASE#669: 2 1 3555 1035
CASE#670: 12 66 127 603 455 380 556 233 860 787 40 491 596 450
CASE#671: 9 10 640 276 432 210 514 442 370 143 526
CASE#672: 15 3 1558 1924 1573 2483 405 1861 3135 2320 1971 1430 1890 71 526 346 2171
CASE#673: 9 8 1012 936 214 495 244 1001 302 79 980
CASE#674: 14 24 1850 2643 1990 1991 1155 16 1954 2526 3013 2398 2531 953 691 608
CASE#675: 8 2 3031 494 577 1129 3131 1534 2073 918
CASE#676: 7 2 734 503 239 812 419 591 393
CASE#677: 13 2 59 45 7 33 39 29 61 25 21 69 27 31 14
CASE#678: 10 3 578 243 642 354 680 572 89 1007 810 504
CASE#679: 16 72 5160 5298 4026 3229 80 1156 4307 3972 355 3442 701 1649 4264 660 3951 3751
CASE#680: 9 1 7 16 6 9 11 12 8 13 5
CASE#681: 12 121 950 1132 1225 61 678 370 1339 965 504 285 968 132
CASE#682: 10 28 2521 2528 442 811 2533 2328 2945 2087 820 2091
CASE#683: 12 12 1785 1459 1261 1893 1761 1829 245 480 1701 184 1418 824
CASE#684: 3 1 2179 2275 1330
CASE#685: 4 8 1239 607 1210 1159
CASE#686: 1 2 2969
CASE#687: 17 18 2126 518 277 1655 2303 1818 1983 1263 1264 1919 218 624 2412 64 2252 557 1935
CASE#688: 7 11 936 409 197 836 95 42 418
CASE#689: 13 52 591 1490 983 1259 521 717 2086 882 689 2368 422 1985 1364
CASE#690: 2 5 81 26
CASE#691: 16 12 1027 1236 153 609 628 1523 1070 596 292 636 332 694 392 393 244 1044
CASE#692: 8 15 353 184 422 162 150 191 38 312
CASE#693: 9 4 699 586 851 1493 1759 807 868 956 1681
CASE#694: 17 12 3708 2403 2918 2577 2126 1331 1804 2664 3462 3120 2212 1756 3581 2102 2957 1706 2163
CASE#695: 13 15 5329 4127 1734 5569 4291 2596 613 4946 1195 2050 6101 3688 1704
CASE#696: 11 2 617 1516 627 644 1436 1341 158 375 1367 675 980
CASE#697: 16 6 1336 337 2372 2189 45 1457 2197 755 2018 470 2395 2359 1546 1805 2660 1553
CASE#698: 12 16 244 361 656 258 839 1248 1018 210 732 1207 282 1097
CASE#699: 10 2 623 491 168 1062 687 1490 789 607 940 141
CASE#700: 13 106 21 99 174 175 105 30 32 191 49 58 215 142 147
CASE#701: 21 10 345 658 502 815 204 621 218 777 62 895 284 635 401 427 713 63 921 843 388 766 402
CASE#702: 17 4 1913 453 1825 603 855 2619 219 1104 1547 1841 1694 1651 1119 1365 777 1709 1223
CASE#703: 4 2 1103 1448 811 1805
CASE#704: 19 1080 40 1002 3 558 600 452 1009 345 1203 650 539 96 1211 397 1026 1100 1139 474 627
CASE#705: 16 24 499 1221 120 984 1323 510 560 129 177 1330 899 276 996 1044 1332 1049
CASE#706: 0 1
CASE#707: 1 2 546
CASE#708: 2 3 4 10
CASE#709: 12 6 228 48 213 198 230 82 233 54 159 163 238 118
CASE#710: 14 16 1510 2330 3422 4310 3156 2143 3313 2225 3115 125 3254 946 470 4487
CASE#711: 19 2 1234 731 1126 624 1243 1133 854 126 462 72 588 532 981 1208 883 1055 945 335 168
CASE#712: 19 4 463 716 455 49 621 137 60 918 610 720 874 215 160 391 645 239 8 384 671
CASE#713: 14 1 2927 4 480 824 2847 1775 3755 752 3848 3377 155 3214 3868 1805
CASE#714: 8 2 272 199 175 607 612 348 620 378
CASE#715: 15 7 47 2350 2175 935 23 1866 809 1827 80 863 1369 1464 730 224 1604
CASE#716: 11 5 1028 1048 2687 1375 1149 1545 999 225 850 2337 467
CASE#717: 4 3 3887 5133 4009 2895
CASE#718: 9 2 4784 4181 2197 5897 4359 1665 4603 215 4845
CASE#719: 21 1 547 241 255 395 17 465 416 662 480 32 249 452 627 600 299 530 623 658 301 672 497
CASE#720: 4 1 157 7 188 8
CASE#721: 10 22 151 229 235 300 368 305 176 182 122 387
CASE#722: 4 1 1155 90 127 355
CASE#723: 2 1 15 4
CASE#724: 9 12 347 623 100 252 66 181 261 718 605
CASE#725: 7 6 929 1351 3732 3928 979 2550 3536
CASE#726: 4 12 1564 700 151 558
CASE#727: 16 2 1106 1024 851 397 3865 3421 1604 2062 3162 1994 174 2540 997 999 1727 636
CASE#728: 11 9 698 49 1245 1328 1943 1657 1909 190 1549 1018 1716
CASE#729: 17 2 1449 1607 3902 664 1305 1937 3995 2422 2186 1317 3055 1240 1640 1245 3856 1811 2603
CASE#730: 23 1 234 157 129 171 94 221 11 137 75 152 54 166 216 126 42 168 28 217 77 294 273 210 259
CASE#731: 11 16 477 384 1709 3517 3147 1738 1269 2962 3449 1855 353
CASE#732: 11 10 1181 558 784 136 190 1766 442 368 1618 997 1947
CASE#733: 5 12 1234 143 452 1664 694
CASE#734: 10 4 1499 1371 627 1863 636 1121 288 1480 911 37
CASE#735: 17 284 164 3 57 37 200 146 95 15 70 16 152 98 99 181 20 74 162
CASE#736: 6 3 665 61 1054 1259 693 981
CASE#737: 2 1 2010 1874
CASE#738: 15 4 5798 3451 4834 4736 1995 1910 2613 4967 4876 3506 2137 866 3120 3023 3910
CASE#739: 28 3 53 1 93 145 122 330 190 314 350 198 254 234 94 34 258 150 62 242 46 166 174 71 108 352 32 212 68 244
CASE#740: 9 2 736 608 3066 1523 2774 1056 1322 248 2058
CASE#741: 5 3 953 2070 5775 3178 6234
CASE#742: 11 2 2224 2508 586 1905 2757 1916 2625 1403 1453 2111 656
CASE#743: 13 32 1755 1095 290 1486 658 454 1696 362 1283 479 1653 66 804
CASE#744: 16 198 1145 52 319 979 715 1477 71 1128 337 1399 170 1226 831 1447 1231 351
CASE#745: 9 7 3717 2417 862 3405 2899 2447 4529 2711 3038
CASE#746: 7 16 110 724 300 386 323 500 336
CASE#747: 11 12 1381 1301 215 1225 714 522 923 1291 124 540 1500
CASE#748: 11 4 3698 3805 8321 1977 5568 4656 5220 7522 347 2467 5424
CASE#749: 5 4 209 2678 1001 232 2092
CASE#750: 25 4 285 99 177 135 93 63 219 123 51 9 147 87 249 255 225 15 201 69 129 232 262 226 90 72 276
