8 5 3
100 9999 98
10000 10000 10000
10000 9000 9000
10000 8000 8000
10000 7000 7000
10000 6000 6000
10000 5000 5000
10000 4000 4000
10000 3000 3000
10000 2000 2000
10000 1000 1000
10000 500 500
10000 400 400
10000 300 300
10000 200 200
10000 100 100
10000 50 50
10000 40 30
10000 30 20
10000 20 10
10000 15 15
10000 5 5
9000 8000 8000
9000 7000 7000
9000 6000 6000
9000 5000 5000
9000 4000 4000
9000 3000 3000
9000 2000 2000
9000 1000 1000
9000 500 500
9000 400 400
9000 300 300
9000 200 200
9000 100 100
9000 50 50
9000 40 30
9000 30 20
9000 20 10
9000 15 15
9000 5 5
8000 50 50
2 1 1
3 3 3
0 0 0
